1498765886604902848052297538268460893651851947323922497778439408525884458351740625341327167
1037749625487252700237912985991137903789761483854624768904794093261995528826285413237183633
48397
44809
132285703754985612307850796964905810245117547483819951061122766976857942932956318281315467966008400370289154040521192861122805001184569974265444165146640566799159200787192798404727200236749840241015604142741511235546877354766826887407611789393454674764278557148059347256581211129915174911080499051072344226387
137809744761582249871081907770728705770679946176483919226633428239635593186741171003290158706942123992279421458921675081865679520237214592274348190614421134517180668922413960364024798648303258002453380153243082336079272384594766489989045444011528418592369439514609245549194514069014497741385751196544689896627
165760476527753784423848765342876322778262771418816310602529835055250807394549883172297104969622829303805178421450510022967670646178132091416746973434712958304514333663670298704456081935521371483872335239668662240501744045504673768090314144695082743125899403987071552611105606087586573460347897440157648254083
159012666323728633657804860704058071086747172957804156233332026313450739089845088086017681153537031451133761710849604610421994141485248437963481310627328661303403731120490141067160105305560287094781857097132272876539153528638802488863166961299529827258438218948556892497924422125491033920236074593814214689391
141896100680935912339530989791881916169540820518940412522226634513332409742365157847204774690709263881329982582351039969248308243303600830179835900881915724832709604461411851668001705092528412129655282998316725848325845395763240348140986482270411693347218368115900490081106078298478126304730483151223035221053
170958347652907054683629132819220323352818983139062591356355741721999299977914944124780892326269898300224749210640688442635465129064901440394638484169492012684932294822786110935290689744926510187412091811545173299323040290157538353570319832702798219864784536228125506218785906365253030036853914910445130315307
91621478879059237218852156375694515787603028246472458401266206911804194378338961865816450593061067682720892315721684708073046384030178796950472923570881450815931738340337772143923315432328979573552087535094805399253817852055938233428867853317359774731279119149547521084277947163031839272866059004840192953729
122393232731851988547525738687000176209988185462661163478263872076692814109468106924061127381999571156018161332084737555269727468478189232342822900226642453874688047117191055166667287214695867752767641451625429968339607637326074218342733320470447782154071735511713594007341008552816155033555436820494223113079
91204178389025458472347065673917383754139945194086901699254189615556763114777651034294449422854905825310610349763672030799747481448467233573328071257148864968634971111694607596497316634910449856758198712672663963717280398233718197505246039688591317497033560245274564761912808015180498479087388770144362679899
90314851982393949604265591902554270679194512080435829807903574710171185406825200659621659554249020887672952821576561709295946660967744200245113996598319811669641113397616407822419180069018060274776763052374081057410525567811314847507079158929430973655745320498767282915506659022527006072440728579680303641467
